parameter	FROST_MF_moyenne	FROST_US_moyenne	US_moyenne	MF_moyenne	OLMF_moyenne	DC_MASE_moyenne	graph.tool_moyenne	Sum.A_moyenne	S.A.2.Bias.adj_moyenne	MASE_moyenne	FROST_MF_ecart_type	FROST_US_ecart_type	US_ecart_type	MF_ecart_type	OLMF_ecart_type	DC_MASE_ecart_type	graph.tool_ecart_type	Sum.A_ecart_type	S.A.2.Bias.adj_ecart_type	MASE_ecart_type
1	0.4323	0.4291	0.4622	0.4556	0.4716	0.4358	0.4655	0.4351	0.4321	0.4351	0.052	0.0532	0.06	0.0543	0.0373	0.0469	0.0597	0.0464	0.0454	0.0464
2	0.4709	0.4487	0.4757	0.4954	0.3968	0.4181	0.4383	0.4402	0.3334	0.4428	0.1011	0.0945	0.0557	0.0717	0.0644	0.0611	0.117	0.0376	0.0535	0.0503
3	0.3659	0.3582	0.4195	0.4271	0.3986	0.3762	0.3689	0.3824	0.3078	0.3806	0.0648	0.0731	0.0531	0.0665	0.066	0.0571	0.0645	0.0247	0.0491	0.0533
5	0.246	0.2411	0.3548	0.3909	0.2949	0.3017	0.3375	0.3591	0.23	0.3238	0.1123	0.1073	0.0615	0.0576	0.1051	0.0754	0.0929	0.0265	0.0578	0.0695
7	0.1624	0.1343	0.2983	0.3309	0.1937	0.2377	0.3202	0.3397	0.1787	0.2741	0.1059	0.0924	0.0791	0.0715	0.1002	0.0938	0.1113	0.0291	0.0577	0.0784
10	0.0784	0.0675	0.2407	0.2675	0.1092	0.1494	0.2656	0.318	0.1149	0.2076	0.0741	0.0564	0.0813	0.0757	0.097	0.0632	0.14	0.0468	0.0315	0.0818
15	0.0443	0.0392	0.1651	0.2075	0.0623	0.0931	0.2833	0.2937	0.0842	0.1325	0.0568	0.045	0.0659	0.0694	0.0717	0.0552	0.1291	0.0561	0.0274	0.0769
20	0.0207	0.0207	0.1129	0.1465	0.0759	0.0572	0.2687	0.2581	0.0611	0.0835	0.0113	0.0112	0.044	0.0554	0.1026	0.0296	0.1443	0.08	0.0248	0.0638
30	0.0084	0.0084	0.0677	0.0888	0.0485	0.0313	0.2303	0.1952	0.0417	0.0417	0.0069	0.0073	0.0275	0.0412	0.1023	0.0147	0.1437	0.0966	0.0183	0.0336
40	0.0046	0.0045	0.0445	0.0611	0.0589	0.0219	0.2617	0.1565	0.0287	0.0283	0.0057	0.0058	0.0193	0.0258	0.1182	0.0117	0.1521	0.1057	0.0134	0.0235
50	0.0027	0.0027	0.0309	0.0445	0.0565	0.0141	0.2429	0.1217	0.0227	0.0194	0.0041	0.004	0.0164	0.0234	0.1162	0.0106	0.1486	0.0964	0.0112	0.0221


B_A <- matrix(c(
    1, 1, 0.3,
    1, 1, 0.3,
    0.3, 0.3, 0.9
  ), nrow = 3, byrow = TRUE)
  
  # collapse 2 & 3
  B_B <- matrix(c(
    1, 0.4, 0.4,
    0.4, 1, 1,
    0.4 , 1, 1
  ), nrow = 3, byrow = TRUE)
