parameter	Method	Error_moyenne	Error_ecart_type	NMI_moyenne	NMI_ecart_type	ARI_moyenne	ARI_ecart_type
0.0133333333333333	DC_MASE	0.6249	0.0177	0.0072	0.0057	-0.0054	0.0062
0.0133333333333333	FROST	0.5453	0.079	0.0653	0.0787	0.0571	0.0862
0.0133333333333333	MASE	0.5715	0.0436	0.0746	0.0605	0.0398	0.0396
0.0133333333333333	OLMF	0.5977	0.0503	0.0561	0.0918	0.0233	0.0533
0.0133333333333333	S-A^2-Bias-adj	0.5341	0.055	0.1344	0.0899	0.0838	0.0683
0.0133333333333333	Sum A	0.6158	0.0409	0.0269	0.0546	0.0067	0.0352
0.0133333333333333	graph-tool	0.5438	0.1718	0.1605	0.272	0.1215	0.2671
0.0266666666666667	DC_MASE	0.3607	0.2061	0.3101	0.2968	0.3182	0.3169
0.0266666666666667	FROST	0.1686	0.2035	0.6604	0.365	0.6684	0.3684
0.0266666666666667	MASE	0.5037	0.0567	0.2203	0.1085	0.1354	0.0962
0.0266666666666667	OLMF	0.5683	0.0695	0.1234	0.1394	0.0638	0.0898
0.0266666666666667	S-A^2-Bias-adj	0.4819	0.0568	0.2689	0.1104	0.1704	0.1142
0.0266666666666667	Sum A	0.5979	0.0609	0.065	0.0946	0.0297	0.0592
0.0266666666666667	graph-tool	0.4789	0.132	0.3086	0.2066	0.2005	0.2181
0.04	DC_MASE	0.0722	0.1053	0.7967	0.2208	0.8214	0.2182
0.04	FROST	0.0388	0.1076	0.9182	0.2096	0.9196	0.2105
0.04	MASE	0.4777	0.0577	0.287	0.1116	0.1809	0.1205
0.04	OLMF	0.5572	0.074	0.1474	0.147	0.0782	0.0965
0.04	S-A^2-Bias-adj	0.4635	0.0688	0.3281	0.1295	0.2161	0.1444
0.04	Sum A	0.5726	0.0775	0.1067	0.1266	0.0597	0.0941
0.04	graph-tool	0.4107	0.1734	0.4192	0.2534	0.3095	0.2977
0.0533333333333333	DC_MASE	0.0243	0.0564	0.9282	0.1169	0.9417	0.1061
0.0533333333333333	FROST	0.0063	0.0389	0.9842	0.0915	0.9852	0.0883
0.0533333333333333	MASE	0.4534	0.0942	0.3391	0.1608	0.2305	0.1815
0.0533333333333333	OLMF	0.5437	0.0795	0.1834	0.1578	0.1013	0.1135
0.0533333333333333	S-A^2-Bias-adj	0.4509	0.0754	0.3619	0.1369	0.2461	0.1572
0.0533333333333333	Sum A	0.5608	0.0799	0.1308	0.1413	0.0741	0.1066
0.0533333333333333	graph-tool	0.3083	0.2303	0.5644	0.329	0.4801	0.3919
0.0666666666666667	DC_MASE	0.0118	0.0478	0.9709	0.0734	0.9762	0.0688
0.0666666666666667	FROST	0	0	1	0	1	0
0.0666666666666667	MASE	0.4229	0.1275	0.3887	0.1999	0.2858	0.2301
0.0666666666666667	OLMF	0.535	0.0887	0.2033	0.1657	0.1162	0.1251
0.0666666666666667	S-A^2-Bias-adj	0.4421	0.0794	0.3823	0.143	0.2659	0.1653
0.0666666666666667	Sum A	0.5494	0.0804	0.1547	0.1427	0.0886	0.1074
0.0666666666666667	graph-tool	0.2015	0.2275	0.7172	0.3207	0.6609	0.3834
0.08	DC_MASE	0.0021	0.007	0.9912	0.0278	0.9937	0.0204
0.08	FROST	0	0	1	0	1	0
0.08	MASE	0.3525	0.1707	0.5083	0.2534	0.4184	0.2959
0.08	OLMF	0.5357	0.0872	0.2044	0.1609	0.1141	0.1185
0.08	S-A^2-Bias-adj	0.4434	0.0793	0.3834	0.1414	0.2647	0.1645
0.08	Sum A	0.5435	0.0804	0.1693	0.1423	0.0966	0.1062
0.08	graph-tool	0.125	0.204	0.8248	0.2865	0.7901	0.3434
0.0933333333333333	DC_MASE	0.0039	0.0333	0.9931	0.0429	0.9939	0.0435
0.0933333333333333	FROST	0	0	1	0	1	0
0.0933333333333333	MASE	0.3107	0.2011	0.5655	0.2913	0.4854	0.3427
0.0933333333333333	OLMF	0.5375	0.077	0.2005	0.1473	0.1071	0.1002
0.0933333333333333	S-A^2-Bias-adj	0.44	0.0804	0.3917	0.1413	0.2727	0.1661
0.0933333333333333	Sum A	0.5341	0.0798	0.1882	0.149	0.1092	0.1151
0.0933333333333333	graph-tool	0.0599	0.1562	0.9144	0.2224	0.8974	0.2658
0.106666666666667	DC_MASE	4e-04	0.0023	0.9982	0.0102	0.9988	0.0068
0.106666666666667	FROST	0	0	1	0	1	0
0.106666666666667	MASE	0.2657	0.2082	0.6306	0.2978	0.5637	0.3509
0.106666666666667	OLMF	0.5211	0.0998	0.2279	0.183	0.1352	0.1546
0.106666666666667	S-A^2-Bias-adj	0.4317	0.0824	0.4072	0.1445	0.2902	0.1701
0.106666666666667	Sum A	0.5297	0.0798	0.1968	0.1485	0.1147	0.1171
0.106666666666667	graph-tool	0.0399	0.1209	0.9413	0.1741	0.929	0.2087
0.12	DC_MASE	0.0035	0.0333	0.9949	0.0423	0.9951	0.0433
0.12	FROST	0	0	1	0	1	0
0.12	MASE	0.2044	0.2135	0.7145	0.3034	0.6636	0.357
0.12	OLMF	0.518	0.0944	0.2324	0.1737	0.1382	0.1388
0.12	S-A^2-Bias-adj	0.4333	0.0821	0.4051	0.143	0.2871	0.1691
0.12	Sum A	0.5196	0.0752	0.218	0.1428	0.128	0.1156
0.12	graph-tool	0.0317	0.1078	0.9561	0.1489	0.9469	0.1792
0.133333333333333	DC_MASE	0.0034	0.0333	0.9955	0.0421	0.9955	0.0432
0.133333333333333	FROST	0	0	1	0	1	0
0.133333333333333	MASE	0.1619	0.2073	0.7761	0.2932	0.7346	0.3458
0.133333333333333	OLMF	0.5217	0.0886	0.2272	0.1657	0.1317	0.1293
0.133333333333333	S-A^2-Bias-adj	0.4367	0.0813	0.3996	0.1415	0.2803	0.1675
0.133333333333333	Sum A	0.5161	0.0768	0.2276	0.1466	0.1342	0.1204
0.133333333333333	graph-tool	0.0183	0.0879	0.9729	0.1276	0.9672	0.1534
0.146666666666667	DC_MASE	0.0067	0.0469	0.9916	0.0592	0.9914	0.0608
0.146666666666667	FROST	0	0	1	0	1	0
0.146666666666667	MASE	0.1286	0.1921	0.8221	0.2686	0.789	0.3181
0.146666666666667	OLMF	0.5171	0.0888	0.239	0.1664	0.1388	0.1301
0.146666666666667	S-A^2-Bias-adj	0.4267	0.0831	0.4167	0.1449	0.3009	0.1713
0.146666666666667	Sum A	0.5144	0.074	0.233	0.1387	0.1361	0.1141
0.146666666666667	graph-tool	0.012	0.0638	0.9819	0.0914	0.9782	0.1104
0.16	DC_MASE	0	0	1	0	1	0
0.16	FROST	0	0	1	0	1	0
0.16	MASE	0.067	0.142	0.9071	0.1947	0.8892	0.2321
0.16	OLMF	0.5059	0.1038	0.2566	0.1867	0.1597	0.1573
0.16	S-A^2-Bias-adj	0.4117	0.0836	0.443	0.1456	0.3318	0.1722
0.16	Sum A	0.5091	0.079	0.2413	0.1496	0.1463	0.1289
0.16	graph-tool	0.0133	0.051	0.9785	0.0798	0.9732	0.0992
