parameter	Method	Error_moyenne	Error_ecart_type	NMI_moyenne	NMI_ecart_type	ARI_moyenne	ARI_ecart_type
0.0133333333333333	DC_MASE	0.6055	0.0253	0.0154	0.0119	0.0024	0.0114
0.0133333333333333	FROST	0.5928	0.0284	0.0213	0.0143	0.0097	0.0152
0.0133333333333333	MASE	0.5762	0.0367	0.0327	0.0228	0.0217	0.0246
0.0133333333333333	OLMF	0.044	0.0246	0.8352	0.0757	0.8727	0.0675
0.0133333333333333	S-A^2-Bias-adj	0.4753	0.0768	0.1168	0.0678	0.1132	0.077
0.0133333333333333	Sum A	0.0351	0.0145	0.8613	0.051	0.8971	0.0411
0.0133333333333333	graph-tool	0.4769	0.1174	0.185	0.1828	0.1633	0.1792
0.0266666666666667	DC_MASE	0.5212	0.0573	0.0775	0.0529	0.0685	0.0563
0.0266666666666667	FROST	0.5063	0.1043	0.1277	0.1487	0.1166	0.1438
0.0266666666666667	MASE	0.4243	0.0905	0.1765	0.0927	0.178	0.1052
0.0266666666666667	OLMF	0.0521	0.1191	0.9247	0.1561	0.9095	0.1998
0.0266666666666667	S-A^2-Bias-adj	0.1013	0.046	0.6717	0.1108	0.7239	0.1096
0.0266666666666667	Sum A	0.0019	0.0033	0.9916	0.0147	0.9944	0.0099
0.0266666666666667	graph-tool	0.0203	0.0697	0.9595	0.0959	0.9605	0.1156
0.04	DC_MASE	0.2445	0.092	0.4035	0.1194	0.4361	0.1402
0.04	FROST	0.08	0.1387	0.8805	0.2003	0.865	0.2292
0.04	MASE	0.1585	0.0836	0.5685	0.1339	0.6093	0.1488
0.04	OLMF	0.0334	0.1005	0.957	0.1287	0.944	0.1681
0.04	S-A^2-Bias-adj	0.0155	0.0103	0.9354	0.0396	0.954	0.0301
0.04	Sum A	0	0	1	0	1	0
0.04	graph-tool	1e-04	7e-04	0.9997	0.003	0.9998	0.002
0.0533333333333333	DC_MASE	0.0593	0.0453	0.7943	0.0989	0.836	0.0937
0.0533333333333333	FROST	1e-04	7e-04	0.9997	0.003	0.9998	0.002
0.0533333333333333	MASE	0.0252	0.0242	0.9027	0.0764	0.9268	0.0665
0.0533333333333333	OLMF	0.0533	0.1228	0.9325	0.1555	0.9109	0.2051
0.0533333333333333	S-A^2-Bias-adj	0.0017	0.0032	0.9925	0.0143	0.995	0.0096
0.0533333333333333	Sum A	0	0	1	0	1	0
0.0533333333333333	graph-tool	0	0	1	0	1	0
0.0666666666666667	DC_MASE	0.0145	0.0346	0.9486	0.0588	0.9624	0.0529
0.0666666666666667	FROST	0	0	1	0	1	0
0.0666666666666667	MASE	0.0025	0.0046	0.989	0.0193	0.9924	0.0137
0.0666666666666667	OLMF	0.0533	0.1228	0.9327	0.155	0.9117	0.2035
0.0666666666666667	S-A^2-Bias-adj	2e-04	0.0011	0.9991	0.0051	0.9994	0.0034
0.0666666666666667	Sum A	0	0	1	0	1	0
0.0666666666666667	graph-tool	0	0	1	0	1	0
0.08	DC_MASE	0.0047	0.0334	0.9897	0.0438	0.9915	0.0439
0.08	FROST	0	0	1	0	1	0
0.08	MASE	3e-04	0.0013	0.9988	0.0059	0.9992	0.004
0.08	OLMF	0.0567	0.1258	0.9285	0.1588	0.9059	0.2091
0.08	S-A^2-Bias-adj	0	0	1	0	1	0
0.08	Sum A	0	0	1	0	1	0
0.08	graph-tool	0	0	1	0	1	0
0.0933333333333333	DC_MASE	2e-04	0.0011	0.9991	0.0051	0.9994	0.0034
0.0933333333333333	FROST	0	0	1	0	1	0
0.0933333333333333	MASE	0	0	1	0	1	0
0.0933333333333333	OLMF	0.06	0.1287	0.9243	0.1624	0.9001	0.2143
0.0933333333333333	S-A^2-Bias-adj	0	0	1	0	1	0
0.0933333333333333	Sum A	0	0	1	0	1	0
0.0933333333333333	graph-tool	0.001	0.0071	0.9971	0.0184	0.9972	0.0194
0.106666666666667	DC_MASE	0	0	1	0	1	0
0.106666666666667	FROST	0	0	1	0	1	0
0.106666666666667	MASE	0	0	1	0	1	0
0.106666666666667	OLMF	0.05	0.1196	0.9369	0.1509	0.9169	0.1987
0.106666666666667	S-A^2-Bias-adj	0	0	1	0	1	0
0.106666666666667	Sum A	0	0	1	0	1	0
0.106666666666667	graph-tool	0	0	1	0	1	0
0.12	DC_MASE	0	0	1	0	1	0
0.12	FROST	0	0	1	0	1	0
0.12	MASE	0	0	1	0	1	0
0.12	OLMF	0.06	0.1287	0.9243	0.1624	0.9006	0.2132
0.12	S-A^2-Bias-adj	0	0	1	0	1	0
0.12	Sum A	0	0	1	0	1	0
0.12	graph-tool	5e-04	0.0036	0.9985	0.0113	0.9986	0.0104
0.133333333333333	DC_MASE	0	0	1	0	1	0
0.133333333333333	FROST	0	0	1	0	1	0
0.133333333333333	MASE	0	0	1	0	1	0
0.133333333333333	OLMF	0.0667	0.134	0.9159	0.1691	0.8894	0.2223
0.133333333333333	S-A^2-Bias-adj	0	0	1	0	1	0
0.133333333333333	Sum A	0	0	1	0	1	0
0.133333333333333	graph-tool	1e-04	0.0013	0.9995	0.0051	0.9996	0.004
0.146666666666667	DC_MASE	0.0033	0.0333	0.9958	0.0421	0.9957	0.0432
0.146666666666667	FROST	0	0	1	0	1	0
0.146666666666667	MASE	0	0	1	0	1	0
0.146666666666667	OLMF	0.0633	0.1314	0.9201	0.1658	0.8949	0.2181
0.146666666666667	S-A^2-Bias-adj	0	0	1	0	1	0
0.146666666666667	Sum A	0	0	1	0	1	0
0.146666666666667	graph-tool	1e-04	7e-04	0.9997	0.003	0.9998	0.002
0.16	DC_MASE	0.0033	0.0333	0.9958	0.0421	0.9957	0.0432
0.16	FROST	0	0	1	0	1	0
0.16	MASE	0	0	1	0	1	0
0.16	OLMF	0.0633	0.1314	0.9201	0.1658	0.8948	0.2184
0.16	S-A^2-Bias-adj	0	0	1	0	1	0
0.16	Sum A	0	0	1	0	1	0
0.16	graph-tool	2e-04	0.002	0.9993	0.007	0.9994	0.0059
